% This part of the code, we will define variables.
%Below C, Sx, and Sy are already defined from
%the example. We'll replace those later.
C = [ 1 1 0 0 0 0 0;...
    1 0 1 0 1 1 0; ... 
    0 1 1 1 0 0 0; ...
    0 0 0 1 1 0 1; 0 0 0 0 0 1 1]; %This is a sample connection matrix.
Sx = [1 0 0 0 0 ; 0 0 0 0 0 ; 0 0 0 0 0]; %This is the support force connection matrix.
Sy =[0 0 0 0 0 ; 1 0 0 0 0 ; 0 0 0 0 1];
X = []; %The is the location vector for X.
for i = 1:rows(C)
    X(i) = C(i);
end
Y = []; %This is the location vector for Y.
for i = 1:cols(C)
    Y(i) = C(i);
end
L = [0;0;0;0;0;0;0;0;mg;0]; %This is the load vector, 
%which represents the known forces.


% A construction of the system of equilibrium equations and solution for the unknown forces.

%save(‘TrussDesign1_MaryJoeBob_A1.mat’,‘C’,‘Sx’,‘Sy’,‘X’,‘Y’,‘L’);


C1 = [ 1 1 0 0 0 0 0 0 0 0 0 0 0 0 0 0 0 0 0 0 0;
      1 1 1 1 0 0 0 0 0 0 0 0 0 0 0 0 0 0 0 0 0;
      0 1 1 0 1 1 0 1 0 0 0 0 0 0 0 0 0 0 0 0 0;
      0 0 0 1 1 0 1 1 0 0 0 0 0 0 0 0 0 0 0 0 0;
      0 0 0 0 0 0 0 0 0 0 1 1 0 0 0 0 0 0 0 0 0;
      0 0 0 0 0 1 1 0 1 0 0 1 1 0 0 0 0 0 0 0 0;
      0 0 0 0 0 0 0 1 1 0 0 0 0 1 0 0 0 0 0 0 0;
      0 0 0 0 0 0 0 0 0 0 0 1 0 0 1 1 0 0 0 0 0;
      0 0 0 0 0 0 0 0 0 0 0 0 1 1 1 0 1 1 0 0 0;
      0 0 0 0 0 0 0 0 0 0 0 0 0 0 0 0 0 1 1 1 0;
      0 0 0 0 0 0 0 0 0 0 0 0 0 0 0 1 1 0 1 0 0;
      0 0 0 0 0 0 0 0 0 0 0 0 0 0 0 0 0 0 0 1 1]
      
      X1 = [0, 5, 15, 15, 25, 25, 25, 35, 35, 45, 45, 55];
        Y1 = [0, 10, 0, 10, -5, 0, 11, 0, 10, 0, 10, 0];
        
  Sx1 = [   1 0 0;
            0 0 0;
            0 0 0;
            0 0 0;
            0 0 0;
            0 0 0;
            0 0 0;
            0 0 0;
            0 0 0;
            0 0 0;
            0 0 0;
            0 0 0;
            0 0 0]
        
    Sy1 = [ 0 1 0;
            0 0 0;
            0 0 0;
            0 0 0;
            0 0 0;
            0 0 0;
            0 0 0;
            0 0 0;
            0 0 0;
            0 0 0;
            0 0 0;
            0 0 1]
        
        L1 = [ 0;
            0; 
            0;
            0;
            -mg;
            0;
            0;
            0;
            0;
            0;
            0];
        
  C2 = [ 1 1 0 0 0 0 0 0 0 0 0 0 0 0 0 0 0;
         0 1 1 0 1 1 0 0 0 0 0 0 0 0 0 0 0;
         1 0 1 1 0 0 0 0 0 0 0 0 0 0 0 0 0;
         0 0 0 1 1 0 1 1 0 0 0 0 0 0 0 0 0;
         0 0 0 0 0 1 1 0 1 0 1 1 0 0 0 0 0;
         0 0 0 0 0 0 0 1 1 1 0 0 0 0 0 0 0;
         0 0 0 0 0 0 0 0 0 1 1 0 1 1 0 0 0;
         0 0 0 0 0 0 0 0 0 0 0 1 1 0 1 1 0;
         0 0 0 0 0 0 0 0 0 0 0 0 0 1 1 0 1;
         0 0 0 0 0 0 0 0 0 0 0 0 0 0 0 1 1;
         ];
         
      X2 = [0, 10, 5, 17.5, 25, 25, 32.5, 40, , 52.5, 55 ];
        Y2 = [0, 0 , -7.5, -7.5, 0, -12.5, -7.5, 0, -7.5, 0 ];
        
     Sx2 = [1 0 0;
            0 0 0;
            0 0 0;
            0 0 0;
            0 0 0;
            0 0 0;
            0 0 0;
            0 0 0;
            0 0 0;
            0 0 0];
        
    Sy2 = [ 0 1 0;
            0 0 0;
            0 0 0;
            0 0 0;
            0 0 0;
            0 0 0;
            0 0 0;
            0 0 0;
            0 0 0;
            0 0 0;
            0 0 1];
        
        L2 = [ 0;
            0; 
            0;
            0;
            0;
          -mg;
            0;
            0;
            0;
            0];
